..........gs: 1.0 11:46:34 9332.425606 96.618408 9233.100554 2.706522 0.024129
..........gs: 2.0 11:50:34 1854.038543 91.620135 1760.472865 1.945548 0.007618
..........gs: 3.0 11:54:35 2212.163027 88.984555 2120.860109 2.318361 0.006615
..........gs: 4.0 11:58:36 1750.499928 91.274176 1656.799031 2.426725 0.005325
..........gs: 5.0 12:02:34 2236.622421 89.640322 2144.556323 2.425775 0.009207
..........gs: 6.0 12:06:32 1347.168766 92.589966 1252.123647 2.455155 0.004809
..........gs: 7.0 12:10:30 820.128884 92.872711 724.715321 2.540853 0.003043
..........gs: 8.0 12:14:29 691.866188 94.791867 594.461001 2.613318 0.002404
..........gs: 9.0 12:18:30 664.347116 94.492586 567.018626 2.835904 0.002699
..........gs: 10.0 12:22:30 1578.640387 97.171007 1477.767537 3.701846 0.009070
learning rate decay: 0.0008
..........gs: 11.0 12:26:30 736.586410 96.598924 636.894463 3.093021 0.003940
..........gs: 12.0 12:30:30 497.235774 97.307448 397.004412 2.923915 0.002486
..........gs: 13.0 12:34:29 409.502703 97.699463 308.895729 2.907513 0.002175
..........gs: 14.0 12:38:26 480.427848 98.334372 378.902597 3.190879 0.002506
..........gs: 15.0 12:42:24 398.339511 97.621777 297.540242 3.177491 0.002220
..........gs: 16.0 12:46:22 411.301222 98.180380 309.825214 3.295625 0.002837
..........gs: 17.0 12:50:22 255.460080 96.660476 155.777021 3.022583 0.001751
..........gs: 18.0 12:54:22 3046.330450 97.557984 2945.449341 3.323135 0.012853
..........gs: 19.0 12:58:21 573.439353 98.972348 471.984262 2.482742 0.003059
..........gs: 20.0 13:02:21 1144.660619 98.574368 1043.226822 2.859427 0.005115
learning rate decay: 0.0006400000000000002
..........gs: 21.0 13:06:20 796.519042 97.212634 696.730651 2.575759 0.003656
..........gs: 22.0 13:10:20 463.730301 98.262926 362.881872 2.585503 0.002273
..........gs: 23.0 13:14:20 372.021759 97.673926 271.735244 2.612590 0.002035
..........gs: 24.0 13:18:22 321.672926 97.746751 221.301380 2.624796 0.001915
..........gs: 25.0 13:22:23 539.926400 99.219443 437.815604 2.891355 0.003263
..........gs: 26.0 13:26:25 420.301172 98.656580 318.750036 2.894556 0.002691
..........gs: 27.0 13:30:25 347.813626 99.170816 245.683117 2.959694 0.002315
..........gs: 28.0 13:34:24 255.243690 98.089860 154.353222 2.800609 0.001752
..........gs: 29.0 13:38:25 357.628995 98.524346 256.029701 3.074948 0.002674
..........gs: 30.0 13:42:21 222.509226 96.350133 123.356951 2.802142 0.001623
learning rate decay: 0.0005120000000000001
..........gs: 31.0 13:46:26 244.821445 96.316132 145.586442 2.918871 0.001714
..........gs: 32.0 13:50:27 258.428968 95.859783 159.644859 2.924325 0.001928
..........gs: 33.0 13:54:27 246.661412 94.804031 148.944521 2.912860 0.001903
..........gs: 34.0 13:58:27 196.014929 93.548085 99.641956 2.824887 0.001562
..........gs: 35.0 14:02:25 280.043339 95.392816 181.652214 2.998309 0.002510
..........gs: 36.0 14:06:28 230.823915 93.665191 134.271307 2.887417 0.001912
..........gs: 37.0 14:10:29 180.686259 92.695379 85.191859 2.799021 0.001492
..........gs: 38.0 14:14:30 221.968018 92.445451 126.612569 2.909999 0.001753
..........gs: 39.0 14:18:32 190.208032 91.518478 95.859934 2.829620 0.001716
..........gs: 40.0 14:22:34 281.750936 91.265158 187.553154 2.932625 0.002469
learning rate decay: 0.0004096000000000001
..........gs: 41.0 14:26:35 239.930608 94.035374 142.930350 2.964884 0.001989
..........gs: 42.0 14:30:38 166.099071 90.841699 72.485028 2.772344 0.001344
..........gs: 43.0 14:34:39 157.751528 89.491896 65.537639 2.721993 0.001281
..........gs: 44.0 14:38:40 185.661368 89.827241 93.066238 2.767889 0.001537
..........gs: 45.0 14:42:43 153.994633 88.027420 63.271290 2.695923 0.001253
..........gs: 46.0 14:46:45 195.159335 88.977434 103.359208 2.822693 0.001507
..........gs: 47.0 14:50:50 150.040645 87.339215 60.020107 2.681324 0.001215
..........gs: 48.0 14:54:52 181.557788 87.043920 91.784185 2.729682 0.001469
..........gs: 49.0 14:58:55 142.797746 85.782582 54.376895 2.638269 0.001191
..........gs: 50.0 15:02:57 193.799405 88.065690 102.965953 2.767762 0.001668
learning rate decay: 0.0003276800000000001
..........gs: 51.0 15:06:59 137.759325 84.924665 50.213432 2.621228 0.001151
..........gs: 52.0 15:11:04 135.497348 83.751024 49.154150 2.592174 0.001109
..........gs: 53.0 15:15:08 180.578382 85.691232 92.198950 2.688201 0.001460
..........gs: 54.0 15:19:11 133.172815 83.449891 47.131830 2.591094 0.001102
..........gs: 55.0 15:23:11 178.210765 84.889028 90.655646 2.666090 0.001376
..........gs: 56.0 15:27:13 137.066723 83.674504 50.795664 2.596554 0.001112
..........gs: 57.0 15:31:15 128.958940 82.307734 44.101643 2.549563 0.001057
..........gs: 58.0 15:35:17 152.305510 83.490241 66.180022 2.635247 0.001222
..........gs: 59.0 15:39:20 128.558305 81.930757 44.071815 2.555734 0.001049
..........gs: 60.0 15:43:24 174.804035 83.215850 88.934034 2.654151 0.001441
learning rate decay: 0.0002621440000000001
..........gs: 61.0 15:47:30 128.326006 82.363999 43.407698 2.554309 0.000994
..........gs: 62.0 15:51:34 122.932313 80.446000 39.963382 2.522931 0.000989
..........gs: 63.0 15:55:36 124.345920 79.835071 42.010607 2.500241 0.000987
..........gs: 64.0 15:59:39 151.363375 82.050865 66.712932 2.599578 0.001114
..........gs: 65.0 16:03:41 120.660185 79.307244 38.844176 2.508765 0.000934
..........gs: 66.0 16:07:41 121.491017 78.970225 40.031674 2.489118 0.000976
..........gs: 67.0 16:11:44 156.081908 80.934747 72.570523 2.576638 0.001213
..........gs: 68.0 16:15:51 118.306521 78.659219 37.152435 2.494868 0.000925
..........gs: 69.0 16:20:24 118.387217 78.151654 37.764010 2.471553 0.000918
..........gs: 70.0 16:24:55 145.217723 79.908300 62.748201 2.561223 0.001117
learning rate decay: 0.0002097152000000001
..........gs: 71.0 16:29:28 115.661207 77.752426 35.431053 2.477728 0.000904
..........gs: 72.0 16:34:02 114.873419 77.004513 35.410117 2.458789 0.000901
..........gs: 73.0 16:38:30 115.278900 76.820072 36.002544 2.456285 0.000908
..........gs: 74.0 16:43:03 134.341643 78.092037 53.735095 2.514510 0.001001
..........gs: 75.0 16:47:35 112.454390 76.362972 33.627872 2.463546 0.000860
..........gs: 76.0 16:52:05 115.932932 76.206853 37.267228 2.458851 0.000905
..........gs: 77.0 16:56:36 132.151671 77.300418 52.360111 2.491142 0.001030
..........gs: 78.0 17:01:09 111.079123 75.221211 33.418974 2.438938 0.000842
..........gs: 79.0 17:05:43 111.518159 75.452637 33.626139 2.439383 0.000855
..........gs: 80.0 17:10:15 134.031071 76.402464 55.152454 2.476153 0.001007
learning rate decay: 0.0001677721600000001
..........gs: 81.0 17:14:49 112.543208 75.664091 34.422398 2.456720 0.000832
..........gs: 82.0 17:19:21 108.566398 74.537717 31.591398 2.437283 0.000839
..........gs: 83.0 17:23:54 108.487659 74.569637 31.487447 2.430575 0.000820
..........gs: 84.0 17:28:22 108.031948 73.735875 31.879001 2.417073 0.000833
..........gs: 85.0 17:32:56 143.438723 74.992862 65.985013 2.460848 0.000996
..........gs: 86.0 17:37:28 116.628228 75.888799 38.318676 2.420752 0.000896
..........gs: 87.0 17:42:00 106.168964 73.708423 30.048660 2.411881 0.000799
..........gs: 88.0 17:46:34 106.656818 73.547581 30.697581 2.411656 0.000805
..........gs: 89.0 17:51:07 106.433078 73.019470 31.003546 2.410062 0.000826
..........gs: 90.0 17:55:41 120.662830 74.165226 44.052070 2.445534 0.000899
learning rate decay: 0.00013421772800000008
..........gs: 91.0 18:00:14 104.829233 73.147056 29.268457 2.413720 0.000769
..........gs: 92.0 18:04:47 104.529896 72.693128 29.429171 2.407597 0.000774
..........gs: 93.0 18:09:19 104.244985 72.703079 29.144990 2.396916 0.000776
..........gs: 94.0 18:13:53 112.834216 73.265551 37.147273 2.421393 0.000827
..........gs: 95.0 18:18:27 103.547927 72.448414 28.699827 2.399686 0.000772
..........gs: 96.0 18:22:58 102.925697 71.766423 28.768652 2.390622 0.000772
..........gs: 97.0 18:27:29 103.260707 71.665110 29.204935 2.390662 0.000765
..........gs: 98.0 18:32:04 112.853586 72.422391 38.017848 2.413346 0.000829
..........gs: 99.0 18:36:45 102.101933 71.451631 28.262175 2.388128 0.000757
..........gs: 100.0 18:41:30 102.431177 71.230568 28.810633 2.389977 0.000763
learning rate decay: 0.00010737418240000006
..........gs: 101.0 18:46:13 101.493675 71.287363 27.823238 2.383073 0.000728
..........gs: 102.0 18:50:58 100.487929 70.543776 27.565434 2.378719 0.000754
..........gs: 103.0 18:55:44 120.163064 71.869857 45.883705 2.409501 0.000838
..........gs: 104.0 19:00:28 101.185179 70.940521 27.852670 2.391988 0.000729
..........gs: 105.0 19:05:13 100.023008 70.792817 26.853960 2.376231 0.000736
..........gs: 106.0 19:09:58 99.643541 70.507268 26.754205 2.382068 0.000736
..........gs: 107.0 19:14:42 99.819603 70.137813 27.305609 2.376181 0.000721
..........gs: 108.0 19:19:28 99.480145 70.111325 26.999444 2.369375 0.000731
..........gs: 109.0 19:24:13 100.514964 69.905083 28.235177 2.374705 0.000743
..........gs: 110.0 19:28:56 108.255653 70.979872 34.878122 2.397659 0.000753
learning rate decay: 8.589934592000005e-05
..........gs: 111.0 19:33:39 98.027796 69.571972 26.089627 2.366198 0.000704
..........gs: 112.0 19:38:24 98.001383 69.623891 26.005441 2.372050 0.000707
..........gs: 113.0 19:43:09 98.610543 69.565882 26.674198 2.370463 0.000700
..........gs: 114.0 19:47:55 98.079675 69.570516 26.146106 2.363053 0.000707
..........gs: 115.0 19:52:39 103.604504 69.247988 31.974192 2.382323 0.000740
..........gs: 116.0 19:57:26 100.229549 69.843465 28.011715 2.374368 0.000712
..........gs: 117.0 20:02:10 96.578025 69.022830 25.191660 2.363535 0.000705
..........gs: 118.0 20:06:55 96.999322 68.996255 25.638811 2.364256 0.000701
..........gs: 119.0 20:11:37 97.954385 69.114331 26.474627 2.365427 0.000685
..........gs: 120.0 20:16:22 96.719518 68.804765 25.558310 2.356443 0.000675
learning rate decay: 6.871947673600005e-05
..........gs: 121.0 20:21:09 96.217860 68.736658 25.116790 2.364412 0.000672
..........gs: 122.0 20:25:52 96.359316 68.591566 25.407769 2.359981 0.000685
..........gs: 123.0 20:30:37 109.445459 69.487242 37.576280 2.381938 0.000715
..........gs: 124.0 20:35:19 95.862076 68.385046 25.113774 2.363256 0.000696
..........gs: 125.0 20:39:59 95.149040 68.287931 24.500423 2.360685 0.000669
..........gs: 126.0 20:44:41 95.731601 68.368713 25.009677 2.353212 0.000657
..........gs: 127.0 20:49:20 94.771239 67.885806 24.525924 2.359509 0.000695
..........gs: 128.0 20:54:03 95.606443 68.238836 25.011928 2.355678 0.000643
..........gs: 129.0 20:58:46 94.549338 67.754013 24.444792 2.350533 0.000656
..........gs: 130.0 21:03:27 95.137849 68.207672 24.574688 2.355489 0.000668
learning rate decay: 5.497558138880004e-05
..........gs: 131.0 21:08:57 94.117599 67.762095 24.000980 2.354524 0.000671
..........gs: 132.0 21:14:33 96.213867 67.723374 26.136914 2.353578 0.000667